  21.771  12.558  11.517  22.771  12.558  11.517  30.
  21.771  12.558  11.517  20.771  12.558  11.517  30.
  21.771  12.558  11.517  21.771  13.558  11.517  30.
  21.771  12.558  11.517  21.771  11.558  11.517  30.
  21.771  12.558  11.517  21.771  12.558  12.517  30.
  21.771  12.558  11.517  21.771  12.558  10.517  30.
  21.771  12.558  11.517  22.771  13.558  12.517  30.
  21.771  12.558  11.517  22.771  13.558  10.517  30.
  21.771  12.558  11.517  22.771  11.558  12.517  30.
  21.771  12.558  11.517  22.771  11.558  10.517  30.
  21.771  12.558  11.517  20.771  13.558  12.517  30.
  21.771  12.558  11.517  20.771  13.558  10.517  30.
  21.771  12.558  11.517  20.771  11.558  12.517  30.
  21.771  12.558  11.517  20.771  11.558  10.517  30.
